cpu_utils:  {4: 98.70479999999999, 8: 98.57679999999999, 12: 98.41320000000002, 16: 98.3852, 20: 98.7032}
num_samples:  {4: 25, 8: 25, 12: 25, 16: 25, 20: 25}
avg_cpu_util:  98.55663999999999
