Node0_rd_bw:  12750.622778
Node0_wr_bw:  12736.631111
Node0_total_bw:  25487.253148
Node1_rd_bw:  7.341852
Node1_wr_bw:  6.182222
Node1_total_bw:  13.523704
Node2_rd_bw:  9.689074
Node2_wr_bw:  14.262407
Node2_total_bw:  23.952222
Node3_rd_bw:  23.236296
Node3_wr_bw:  5.337778
Node3_total_bw:  28.575741
