cpu_utils:  {4: 98.61840000000002, 8: 98.49719999999999, 12: 98.538, 16: 98.3432, 20: 98.5368}
num_samples:  {4: 25, 8: 25, 12: 25, 16: 25, 20: 25}
avg_cpu_util:  98.50672
