Node0_rd_bw:  12742.812593
Node0_wr_bw:  12730.758519
Node0_total_bw:  25473.572407
Node1_rd_bw:  5.947593
Node1_wr_bw:  5.273889
Node1_total_bw:  11.222222
Node2_rd_bw:  8.809444
Node2_wr_bw:  13.693148
Node2_total_bw:  22.502037
Node3_rd_bw:  21.628333
Node3_wr_bw:  5.440185
Node3_total_bw:  27.069259
