Node0_rd_bw:  12501.670926
Node0_wr_bw:  11693.705370
Node0_total_bw:  24195.377778
Node1_rd_bw:  13.329259
Node1_wr_bw:  11.685556
Node1_total_bw:  25.014815
Node2_rd_bw:  16.289074
Node2_wr_bw:  20.540000
Node2_total_bw:  36.829444
Node3_rd_bw:  41.824815
Node3_wr_bw:  24.372963
Node3_total_bw:  66.197407
