Node0_rd_bw:  6297.295000
Node0_wr_bw:  6198.377045
Node0_total_bw:  12495.672045
Node1_rd_bw:  5.948182
Node1_wr_bw:  5.525455
Node1_total_bw:  11.473409
Node2_rd_bw:  7.081364
Node2_wr_bw:  7.920000
Node2_total_bw:  15.001591
Node3_rd_bw:  6.819545
Node3_wr_bw:  9.125000
Node3_total_bw:  15.944545
