Retx:  0.0
Loss_retx:  0.0
Sent:  22777613.0
Recv:  371534.0
Time:  15
Retx_percent:  0.0
Loss_retx_percent:  0.0
Send_rate:  1518507.5333333334
Recv_rate:  24768.933333333334
