cpu_utils:  {4: 93.46733333333334, 8: 93.53866666666667, 12: 93.82866666666665, 16: 93.91666666666667, 20: 93.74866666666667}
num_samples:  {4: 15, 8: 15, 12: 15, 16: 15, 20: 15}
avg_cpu_util:  93.70000000000002
