Node0_rd_bw:  13272.856591
Node0_wr_bw:  12771.320455
Node0_total_bw:  26044.177500
Node1_rd_bw:  12.734318
Node1_wr_bw:  16.956818
Node1_total_bw:  29.690682
Node2_rd_bw:  15.129545
Node2_wr_bw:  11.704545
Node2_total_bw:  26.833636
Node3_rd_bw:  7.326364
Node3_wr_bw:  10.251364
Node3_total_bw:  17.578182
