cpu_utils:  {4: 68.836, 8: 4.944666666666666, 12: 10.090666666666667, 16: 39.372, 20: 68.64066666666666}
num_samples:  {4: 15, 8: 15, 12: 15, 16: 15, 20: 15}
avg_cpu_util:  38.376799999999996
