Node0_rd_bw:  7092.358864
Node0_wr_bw:  6662.421364
Node0_total_bw:  13754.779318
Node1_rd_bw:  35.551591
Node1_wr_bw:  16.372955
Node1_total_bw:  51.923636
Node2_rd_bw:  25.889091
Node2_wr_bw:  12.720227
Node2_total_bw:  38.609091
Node3_rd_bw:  18.676591
Node3_wr_bw:  13.164773
Node3_total_bw:  31.841136
