cpu_utils:  {4: 71.104, 8: 71.01133333333334, 12: 70.65866666666668, 16: 70.87066666666666, 20: 71.96999999999998, 24: 71.59133333333332, 28: 70.65266666666666, 32: 0.0}
num_samples:  {4: 15, 8: 15, 12: 15, 16: 15, 20: 15, 24: 15, 28: 15, 32: 15}
avg_cpu_util:  62.23233333333334
