Node0_rd_bw:  11668.701136
Node0_wr_bw:  11160.945909
Node0_total_bw:  22829.647500
Node1_rd_bw:  66.978182
Node1_wr_bw:  19.646136
Node1_total_bw:  86.624545
Node2_rd_bw:  33.131136
Node2_wr_bw:  12.382727
Node2_total_bw:  45.514318
Node3_rd_bw:  19.013864
Node3_wr_bw:  10.395000
Node3_total_bw:  29.409091
