Retx:  103211.0
Loss_retx:  931.0
Sent:  40342372.0
Recv:  2696114.0
Time:  15
Retx_percent:  0.2558377083033194
Loss_retx_percent:  0.0023077472985475423
Send_rate:  2689491.466666667
Recv_rate:  179740.93333333332
