Node0_rd_bw:  2924.120185
Node0_wr_bw:  2924.268148
Node0_total_bw:  5848.388333
Node1_rd_bw:  2.427778
Node1_wr_bw:  3.055185
Node1_total_bw:  5.482963
Node2_rd_bw:  2.852778
Node2_wr_bw:  3.335926
Node2_total_bw:  6.187778
Node3_rd_bw:  4.306852
Node3_wr_bw:  3.966852
Node3_total_bw:  8.273889
