cpu_utils:  {4: 89.82666666666664, 8: 89.41800000000002, 12: 89.47133333333335, 16: 89.02533333333334, 20: 89.42666666666668}
num_samples:  {4: 15, 8: 15, 12: 15, 16: 15, 20: 15}
avg_cpu_util:  89.4336
