Node0_rd_bw:  12430.474773
Node0_wr_bw:  11612.041591
Node0_total_bw:  24042.516136
Node1_rd_bw:  53.483182
Node1_wr_bw:  31.495909
Node1_total_bw:  84.979545
Node2_rd_bw:  22.326364
Node2_wr_bw:  13.303182
Node2_total_bw:  35.630455
Node3_rd_bw:  26.077727
Node3_wr_bw:  15.159773
Node3_total_bw:  41.237727
