Retx:  22655.0
Loss_retx:  133.0
Sent:  41230464.0
Recv:  1226751.0
Time:  15
Retx_percent:  0.05494723513177052
Loss_retx_percent:  0.00032257701489849834
Send_rate:  2748697.6
Recv_rate:  81783.4
