cpu_utils:  {4: 96.3636, 8: 96.69959999999999, 12: 96.49520000000001, 16: 95.63400000000001, 20: 96.85480000000001}
num_samples:  {4: 25, 8: 25, 12: 25, 16: 25, 20: 25}
avg_cpu_util:  96.40944
