Node0_rd_bw:  12810.404074
Node0_wr_bw:  12654.775185
Node0_total_bw:  25465.179074
Node1_rd_bw:  6.710185
Node1_wr_bw:  7.031111
Node1_total_bw:  13.741667
Node2_rd_bw:  10.900185
Node2_wr_bw:  12.199815
Node2_total_bw:  23.100185
Node3_rd_bw:  31.181481
Node3_wr_bw:  9.183519
Node3_total_bw:  40.365741
