Retx:  113.0
Loss_retx:  2.0
Sent:  34823200.0
Recv:  5267743.0
Time:  25
Retx_percent:  0.00032449631280295895
Loss_retx_percent:  5.743297571733787e-06
Send_rate:  1392928.0
Recv_rate:  210709.72
