cpu_utils:  {4: 96.63280000000003, 8: 96.34480000000002, 12: 96.09240000000001, 16: 96.38240000000002, 20: 96.43199999999999}
num_samples:  {4: 25, 8: 25, 12: 25, 16: 25, 20: 25}
avg_cpu_util:  96.37688
