Node0_rd_bw:  12860.765185
Node0_wr_bw:  12724.829630
Node0_total_bw:  25585.593148
Node1_rd_bw:  8.424630
Node1_wr_bw:  6.382037
Node1_total_bw:  14.806111
Node2_rd_bw:  11.683889
Node2_wr_bw:  16.676481
Node2_total_bw:  28.360370
Node3_rd_bw:  29.605185
Node3_wr_bw:  7.733519
Node3_total_bw:  37.339630
