Retx:  158.0
Loss_retx:  1.0
Sent:  39042145.0
Recv:  5265243.0
Time:  25
Retx_percent:  0.0004046908795610487
Loss_retx_percent:  2.561334680766131e-06
Send_rate:  1561685.8
Recv_rate:  210609.72
