cpu_utils:  {4: 98.53720000000001, 8: 98.57879999999999, 12: 98.5776, 16: 98.5828, 20: 98.5352}
num_samples:  {4: 25, 8: 25, 12: 25, 16: 25, 20: 25}
avg_cpu_util:  98.56232
