Node0_rd_bw:  12749.956111
Node0_wr_bw:  12738.538704
Node0_total_bw:  25488.496481
Node1_rd_bw:  6.743889
Node1_wr_bw:  8.578148
Node1_total_bw:  15.322778
Node2_rd_bw:  7.991481
Node2_wr_bw:  8.653889
Node2_total_bw:  16.647778
Node3_rd_bw:  22.631481
Node3_wr_bw:  6.257037
Node3_total_bw:  28.887593
