cpu_utils:  {4: 98.74439999999998, 8: 98.4984, 12: 98.38600000000001, 16: 98.54520000000001, 20: 98.66999999999999}
num_samples:  {4: 25, 8: 25, 12: 25, 16: 25, 20: 25}
avg_cpu_util:  98.56880000000001
