Node0_rd_bw:  12751.289444
Node0_wr_bw:  12739.078519
Node0_total_bw:  25490.366667
Node1_rd_bw:  6.644074
Node1_wr_bw:  9.572778
Node1_total_bw:  16.217407
Node2_rd_bw:  7.429444
Node2_wr_bw:  9.798333
Node2_total_bw:  17.227963
Node3_rd_bw:  23.545556
Node3_wr_bw:  5.262037
Node3_total_bw:  28.807222
