cpu_utils:  {4: 83.14666666666668, 8: 83.75733333333332, 12: 83.416, 16: 82.96733333333334, 20: 82.69333333333333}
num_samples:  {4: 15, 8: 15, 12: 15, 16: 15, 20: 15}
avg_cpu_util:  83.19613333333334
