Node0_rd_bw:  12820.243636
Node0_wr_bw:  11775.602955
Node0_total_bw:  24595.845227
Node1_rd_bw:  77.200000
Node1_wr_bw:  46.777045
Node1_total_bw:  123.977273
Node2_rd_bw:  33.915682
Node2_wr_bw:  17.361364
Node2_total_bw:  51.277273
Node3_rd_bw:  30.658409
Node3_wr_bw:  21.415909
Node3_total_bw:  52.073636
