Retx:  8924.0
Loss_retx:  38.0
Sent:  41758323.0
Recv:  995043.0
Time:  15
Retx_percent:  0.021370590001902133
Loss_retx_percent:  9.09998229574497e-05
Send_rate:  2783888.2
Recv_rate:  66336.2
