cpu_utils:  {4: 98.81960000000001, 8: 98.6176, 12: 98.61359999999999, 16: 98.7404, 20: 98.738}
num_samples:  {4: 25, 8: 25, 12: 25, 16: 25, 20: 25}
avg_cpu_util:  98.70584
