Node0_rd_bw:  12758.134074
Node0_wr_bw:  12755.612963
Node0_total_bw:  25513.746852
Node1_rd_bw:  8.265185
Node1_wr_bw:  12.396852
Node1_total_bw:  20.661481
Node2_rd_bw:  14.344630
Node2_wr_bw:  22.182963
Node2_total_bw:  36.527778
Node3_rd_bw:  27.262593
Node3_wr_bw:  12.853333
Node3_total_bw:  40.115370
