cpu_utils:  {4: 99.93466666666667}
num_samples:  {4: 15}
avg_cpu_util:  99.93466666666667
