Node0_rd_bw:  2907.018636
Node0_wr_bw:  2893.636591
Node0_total_bw:  5800.654773
Node1_rd_bw:  2.993409
Node1_wr_bw:  3.209091
Node1_total_bw:  6.203182
Node2_rd_bw:  3.052500
Node2_wr_bw:  3.570000
Node2_total_bw:  6.623409
Node3_rd_bw:  3.467727
Node3_wr_bw:  4.470455
Node3_total_bw:  7.937273
