Node0_rd_bw:  9296.770455
Node0_wr_bw:  8946.111136
Node0_total_bw:  18242.881364
Node1_rd_bw:  6.424091
Node1_wr_bw:  6.340000
Node1_total_bw:  12.764318
Node2_rd_bw:  10.366364
Node2_wr_bw:  13.763864
Node2_total_bw:  24.129091
Node3_rd_bw:  7.144545
Node3_wr_bw:  9.038409
Node3_total_bw:  16.183409
