cpu_utils:  {4: 88.21239999999997, 8: 88.28479999999999, 12: 88.3372, 16: 87.68360000000003, 20: 87.9588}
num_samples:  {4: 25, 8: 25, 12: 25, 16: 25, 20: 25}
avg_cpu_util:  88.09536
