Node0_rd_bw:  9820.319815
Node0_wr_bw:  9834.132778
Node0_total_bw:  19654.452407
Node1_rd_bw:  11.030370
Node1_wr_bw:  10.848889
Node1_total_bw:  21.879444
Node2_rd_bw:  12.115370
Node2_wr_bw:  20.832407
Node2_total_bw:  32.946296
Node3_rd_bw:  27.420185
Node3_wr_bw:  5.188704
Node3_total_bw:  32.607963
