cpu_utils:  {4: 98.62559999999999, 8: 98.4632, 12: 98.41680000000001, 16: 98.54560000000001, 20: 98.7436}
num_samples:  {4: 25, 8: 25, 12: 25, 16: 25, 20: 25}
avg_cpu_util:  98.55896
