Node0_rd_bw:  12750.802593
Node0_wr_bw:  12737.249074
Node0_total_bw:  25488.051852
Node1_rd_bw:  7.756111
Node1_wr_bw:  10.832407
Node1_total_bw:  18.588148
Node2_rd_bw:  7.443333
Node2_wr_bw:  7.943519
Node2_total_bw:  15.387778
Node3_rd_bw:  23.252593
Node3_wr_bw:  4.692222
Node3_total_bw:  27.944630
