Node0_rd_bw:  11297.637955
Node0_wr_bw:  10103.126136
Node0_total_bw:  21400.764545
Node1_rd_bw:  6.466591
Node1_wr_bw:  7.254545
Node1_total_bw:  13.721818
Node2_rd_bw:  15.290000
Node2_wr_bw:  17.929545
Node2_total_bw:  33.219091
Node3_rd_bw:  7.645000
Node3_wr_bw:  11.231591
Node3_total_bw:  18.877500
