cpu_utils:  {4: 95.98266666666667, 8: 95.83866666666668, 12: 95.63666666666668, 16: 94.56733333333334, 20: 94.82866666666665}
num_samples:  {4: 15, 8: 15, 12: 15, 16: 15, 20: 15}
avg_cpu_util:  95.37080000000002
