Node0_rd_bw:  12971.896136
Node0_wr_bw:  12742.548864
Node0_total_bw:  25714.445000
Node1_rd_bw:  56.858864
Node1_wr_bw:  8.924091
Node1_total_bw:  65.784091
Node2_rd_bw:  30.104545
Node2_wr_bw:  9.626818
Node2_total_bw:  39.731818
Node3_rd_bw:  19.237727
Node3_wr_bw:  12.152273
Node3_total_bw:  31.391136
