Retx:  1082.0
Loss_retx:  0.0
Sent:  46326866.0
Recv:  2931761.0
Time:  15
Retx_percent:  0.0023355778048961915
Loss_retx_percent:  0.0
Send_rate:  3088457.7333333334
Recv_rate:  195450.73333333334
