cpu_utils:  {4: 97.19466666666668, 8: 96.78466666666667, 12: 96.66866666666668, 16: 96.78733333333336, 20: 97.15133333333337}
num_samples:  {4: 15, 8: 15, 12: 15, 16: 15, 20: 15}
avg_cpu_util:  96.91733333333335
