Node0_rd_bw:  12789.396591
Node0_wr_bw:  12746.807955
Node0_total_bw:  25536.204545
Node1_rd_bw:  50.373864
Node1_wr_bw:  7.908636
Node1_total_bw:  58.282500
Node2_rd_bw:  19.738182
Node2_wr_bw:  7.660227
Node2_total_bw:  27.396591
Node3_rd_bw:  13.129545
Node3_wr_bw:  10.272727
Node3_total_bw:  23.402500
