Retx:  0.0
Loss_retx:  0.0
Sent:  46382384.0
Recv:  3582905.0
Time:  15
Retx_percent:  0.0
Loss_retx_percent:  0.0
Send_rate:  3092158.933333333
Recv_rate:  238860.33333333334
