Node0_rd_bw:  8113.252778
Node0_wr_bw:  8092.776852
Node0_total_bw:  16206.028333
Node1_rd_bw:  5.237407
Node1_wr_bw:  5.587963
Node1_total_bw:  10.825926
Node2_rd_bw:  5.470556
Node2_wr_bw:  7.387593
Node2_total_bw:  12.858333
Node3_rd_bw:  11.831852
Node3_wr_bw:  3.951111
Node3_total_bw:  15.783704
