cpu_utils:  {4: 89.77333333333333, 8: 89.43333333333332, 12: 89.32733333333334, 16: 89.90866666666668, 20: 89.77933333333334}
num_samples:  {4: 15, 8: 15, 12: 15, 16: 15, 20: 15}
avg_cpu_util:  89.6444
