Node0_rd_bw:  12612.719545
Node0_wr_bw:  11980.953636
Node0_total_bw:  24593.672273
Node1_rd_bw:  41.544318
Node1_wr_bw:  18.572273
Node1_total_bw:  60.115455
Node2_rd_bw:  35.453636
Node2_wr_bw:  9.967045
Node2_total_bw:  45.420682
Node3_rd_bw:  20.290909
Node3_wr_bw:  13.239545
Node3_total_bw:  33.531136
