Retx:  16775.0
Loss_retx:  47.0
Sent:  43169903.0
Recv:  1496186.0
Time:  15
Retx_percent:  0.038858090554430944
Loss_retx_percent:  0.00010887214641181844
Send_rate:  2877993.533333333
Recv_rate:  99745.73333333334
