Node0_rd_bw:  15915.473704
Node0_wr_bw:  15768.456296
Node0_total_bw:  31683.929444
Node1_rd_bw:  15.995000
Node1_wr_bw:  7.429815
Node1_total_bw:  23.425370
Node2_rd_bw:  8.284259
Node2_wr_bw:  10.537222
Node2_total_bw:  18.821296
Node3_rd_bw:  18.897593
Node3_wr_bw:  5.886111
Node3_total_bw:  24.783889
