cpu_utils:  {4: 99.11159999999998, 8: 98.87039999999999, 12: 98.9892, 16: 98.9492, 20: 99.072}
num_samples:  {4: 25, 8: 25, 12: 25, 16: 25, 20: 25}
avg_cpu_util:  98.99848
