Node0_rd_bw:  12805.230370
Node0_wr_bw:  12451.480370
Node0_total_bw:  25256.710556
Node1_rd_bw:  8.144444
Node1_wr_bw:  9.494630
Node1_total_bw:  17.639074
Node2_rd_bw:  19.327037
Node2_wr_bw:  17.489259
Node2_total_bw:  36.816852
Node3_rd_bw:  27.297407
Node3_wr_bw:  8.927593
Node3_total_bw:  36.225370
