Retx:  157.0
Loss_retx:  2.0
Sent:  75917205.0
Recv:  2444974.0
Time:  25
Retx_percent:  0.00020680424154182175
Loss_retx_percent:  2.634448936838494e-06
Send_rate:  3036688.2
Recv_rate:  97798.96
