Node0_rd_bw:  8870.416136
Node0_wr_bw:  7932.827727
Node0_total_bw:  16803.245000
Node1_rd_bw:  17.201591
Node1_wr_bw:  11.347045
Node1_total_bw:  28.549318
Node2_rd_bw:  10.222727
Node2_wr_bw:  7.523409
Node2_total_bw:  17.745909
Node3_rd_bw:  7.505000
Node3_wr_bw:  9.887045
Node3_total_bw:  17.392727
