cpu_utils:  {4: 90.58733333333333, 8: 96.48, 12: 96.53866666666666, 16: 96.30799999999998, 20: 96.46}
num_samples:  {4: 15, 8: 15, 12: 15, 16: 15, 20: 15}
avg_cpu_util:  95.2748
