Node0_rd_bw:  12776.874545
Node0_wr_bw:  12748.715000
Node0_total_bw:  25525.590000
Node1_rd_bw:  8.993636
Node1_wr_bw:  9.624318
Node1_total_bw:  18.618409
Node2_rd_bw:  9.563864
Node2_wr_bw:  12.626818
Node2_total_bw:  22.191364
Node3_rd_bw:  6.956818
Node3_wr_bw:  10.443182
Node3_total_bw:  17.400000
