Retx:  0.0
Loss_retx:  0.0
Sent:  46361981.0
Recv:  3578089.0
Time:  15
Retx_percent:  0.0
Loss_retx_percent:  0.0
Send_rate:  3090798.7333333334
Recv_rate:  238539.26666666666
