Node0_rd_bw:  12693.063889
Node0_wr_bw:  12603.812593
Node0_total_bw:  25296.875926
Node1_rd_bw:  6.369444
Node1_wr_bw:  5.847037
Node1_total_bw:  12.216667
Node2_rd_bw:  9.697778
Node2_wr_bw:  14.504259
Node2_total_bw:  24.202593
Node3_rd_bw:  21.403148
Node3_wr_bw:  5.293519
Node3_total_bw:  26.697778
