cpu_utils:  {4: 0.5680000000000007, 8: 0.7546666666666682, 12: 0.0, 16: 0.0, 20: 0.0}
num_samples:  {4: 15, 8: 15, 12: 15, 16: 15, 20: 15}
avg_cpu_util:  0.2645333333333338
