Node0_rd_bw:  3479.024773
Node0_wr_bw:  3308.740682
Node0_total_bw:  6787.766818
Node1_rd_bw:  10.318864
Node1_wr_bw:  11.445455
Node1_total_bw:  21.765000
Node2_rd_bw:  5.890455
Node2_wr_bw:  6.852955
Node2_total_bw:  12.743636
Node3_rd_bw:  4.353636
Node3_wr_bw:  5.627955
Node3_total_bw:  9.981136
