Node0_rd_bw:  3288.511591
Node0_wr_bw:  3284.097045
Node0_total_bw:  6572.608182
Node1_rd_bw:  2.719091
Node1_wr_bw:  3.469318
Node1_total_bw:  6.187727
Node2_rd_bw:  2.830909
Node2_wr_bw:  3.447500
Node2_total_bw:  6.278636
Node3_rd_bw:  3.199773
Node3_wr_bw:  4.119773
Node3_total_bw:  7.318636
