cpu_utils:  {4: 71.03466666666667, 8: 71.87133333333334, 12: 71.00133333333333, 16: 71.46000000000001, 20: 71.44400000000002, 24: 69.92, 28: 70.31666666666668}
num_samples:  {4: 15, 8: 15, 12: 15, 16: 15, 20: 15, 24: 15, 28: 15}
avg_cpu_util:  71.00685714285716
