Node0_rd_bw:  11631.077273
Node0_wr_bw:  11130.940227
Node0_total_bw:  22762.016591
Node1_rd_bw:  70.433182
Node1_wr_bw:  28.400000
Node1_total_bw:  98.831136
Node2_rd_bw:  33.794545
Node2_wr_bw:  12.779545
Node2_total_bw:  46.572727
Node3_rd_bw:  18.357045
Node3_wr_bw:  10.341136
Node3_total_bw:  28.698409
