Retx:  109523.0
Loss_retx:  739.0
Sent:  39949114.0
Recv:  2617402.0
Time:  15
Retx_percent:  0.2741562678962041
Loss_retx_percent:  0.0018498532908639727
Send_rate:  2663274.2666666666
Recv_rate:  174493.46666666667
