cpu_utils:  {4: 98.58040000000001, 8: 98.5864, 12: 98.5484, 16: 98.45479999999999, 20: 98.54359999999998}
num_samples:  {4: 25, 8: 25, 12: 25, 16: 25, 20: 25}
avg_cpu_util:  98.54272
