Node0_rd_bw:  12752.183148
Node0_wr_bw:  12738.298519
Node0_total_bw:  25490.481296
Node1_rd_bw:  8.040926
Node1_wr_bw:  10.266667
Node1_total_bw:  18.307778
Node2_rd_bw:  8.892222
Node2_wr_bw:  9.625370
Node2_total_bw:  18.518333
Node3_rd_bw:  24.155926
Node3_wr_bw:  6.291852
Node3_total_bw:  30.447407
