cpu_utils:  {4: 97.64066666666668, 8: 96.92200000000001, 12: 97.09466666666667, 16: 96.88466666666666, 20: 97.01133333333334}
num_samples:  {4: 15, 8: 15, 12: 15, 16: 15, 20: 15}
avg_cpu_util:  97.11066666666667
