Node0_rd_bw:  13189.246591
Node0_wr_bw:  12793.955909
Node0_total_bw:  25983.202273
Node1_rd_bw:  10.141591
Node1_wr_bw:  14.635455
Node1_total_bw:  24.776591
Node2_rd_bw:  13.966591
Node2_wr_bw:  12.865909
Node2_total_bw:  26.831818
Node3_rd_bw:  7.822955
Node3_wr_bw:  10.648636
Node3_total_bw:  18.472727
