cpu_utils:  {4: 95.32533333333335, 8: 94.81066666666666, 12: 95.20533333333333, 16: 95.33533333333334, 20: 94.78}
num_samples:  {4: 15, 8: 15, 12: 15, 16: 15, 20: 15}
avg_cpu_util:  95.09133333333334
