Node0_rd_bw:  12264.195455
Node0_wr_bw:  11501.744773
Node0_total_bw:  23765.942273
Node1_rd_bw:  48.769773
Node1_wr_bw:  23.265682
Node1_total_bw:  72.035682
Node2_rd_bw:  21.831591
Node2_wr_bw:  12.047500
Node2_total_bw:  33.877955
Node3_rd_bw:  21.388182
Node3_wr_bw:  15.803409
Node3_total_bw:  37.191818
