Retx:  160.0
Loss_retx:  1.0
Sent:  42550038.0
Recv:  852164.0
Time:  15
Retx_percent:  0.0003760278662970877
Loss_retx_percent:  2.350174164356798e-06
Send_rate:  2836669.2
Recv_rate:  56810.933333333334
