cpu_utils:  {4: 95.81933333333333, 8: 95.91466666666665, 12: 96.49799999999999, 16: 95.93666666666668, 20: 96.38866666666667}
num_samples:  {4: 15, 8: 15, 12: 15, 16: 15, 20: 15}
avg_cpu_util:  96.11146666666666
