Node0_rd_bw:  12746.962500
Node0_wr_bw:  11893.198182
Node0_total_bw:  24640.160227
Node1_rd_bw:  48.977273
Node1_wr_bw:  29.671364
Node1_total_bw:  78.648409
Node2_rd_bw:  31.404773
Node2_wr_bw:  11.690682
Node2_total_bw:  43.094545
Node3_rd_bw:  21.854318
Node3_wr_bw:  16.729773
Node3_total_bw:  38.583409
