Retx:  5778.0
Loss_retx:  16.0
Sent:  42709202.0
Recv:  1031252.0
Time:  15
Retx_percent:  0.013528700442588462
Loss_retx_percent:  3.7462652662065656e-05
Send_rate:  2847280.1333333333
Recv_rate:  68750.13333333333
