Node0_rd_bw:  13111.782037
Node0_wr_bw:  11951.808148
Node0_total_bw:  25063.590370
Node1_rd_bw:  15.400556
Node1_wr_bw:  17.617407
Node1_total_bw:  33.017593
Node2_rd_bw:  16.702222
Node2_wr_bw:  20.866667
Node2_total_bw:  37.568519
Node3_rd_bw:  43.301481
Node3_wr_bw:  17.725185
Node3_total_bw:  61.027593
