Retx:  265.0
Loss_retx:  2.0
Sent:  71547601.0
Recv:  1690092.0
Time:  25
Retx_percent:  0.0003703827889351594
Loss_retx_percent:  2.795341803284222e-06
Send_rate:  2861904.04
Recv_rate:  67603.68
