cpu_utils:  {4: 90.62000000000002, 8: 91.87733333333333, 12: 91.53266666666666, 16: 91.11, 20: 91.328}
num_samples:  {4: 15, 8: 15, 12: 15, 16: 15, 20: 15}
avg_cpu_util:  91.29360000000001
