Node0_rd_bw:  11871.208636
Node0_wr_bw:  11241.810909
Node0_total_bw:  23113.019091
Node1_rd_bw:  55.926818
Node1_wr_bw:  23.912955
Node1_total_bw:  79.840909
Node2_rd_bw:  23.025909
Node2_wr_bw:  12.394545
Node2_total_bw:  35.418864
Node3_rd_bw:  24.142955
Node3_wr_bw:  13.492045
Node3_total_bw:  37.635682
