Retx:  15520.0
Loss_retx:  96.0
Sent:  41557588.0
Recv:  1097017.0
Time:  15
Retx_percent:  0.03734576703537269
Loss_retx_percent:  0.0002310047445486971
Send_rate:  2770505.8666666667
Recv_rate:  73134.46666666666
