cpu_utils:  {4: 97.29133333333334, 8: 96.686, 12: 96.94866666666667, 16: 96.82, 20: 97.34333333333333}
num_samples:  {4: 15, 8: 15, 12: 15, 16: 15, 20: 15}
avg_cpu_util:  97.01786666666666
