Node0_rd_bw:  12990.241818
Node0_wr_bw:  12773.317273
Node0_total_bw:  25763.557500
Node1_rd_bw:  9.538182
Node1_wr_bw:  11.248409
Node1_total_bw:  20.787273
Node2_rd_bw:  12.695227
Node2_wr_bw:  14.068636
Node2_total_bw:  26.763864
Node3_rd_bw:  7.348409
Node3_wr_bw:  10.327500
Node3_total_bw:  17.676591
