Retx:  0.0
Loss_retx:  0.0
Sent:  46388833.0
Recv:  3424570.0
Time:  15
Retx_percent:  0.0
Loss_retx_percent:  0.0
Send_rate:  3092588.8666666667
Recv_rate:  228304.66666666666
