cpu_utils:  {4: 93.67119999999998, 8: 92.494, 12: 93.2184, 16: 92.9096, 20: 93.77360000000003, 24: 93.47520000000003, 28: 93.04520000000001}
num_samples:  {4: 25, 8: 25, 12: 25, 16: 25, 20: 25, 24: 25, 28: 25}
avg_cpu_util:  93.22674285714288
