Node0_rd_bw:  12854.656667
Node0_wr_bw:  12782.740370
Node0_total_bw:  25637.397222
Node1_rd_bw:  8.565185
Node1_wr_bw:  8.981667
Node1_total_bw:  17.547593
Node2_rd_bw:  11.060000
Node2_wr_bw:  16.827407
Node2_total_bw:  27.888148
Node3_rd_bw:  34.400000
Node3_wr_bw:  6.601296
Node3_total_bw:  41.000556
