Retx:  471.0
Loss_retx:  10.0
Sent:  77298864.0
Recv:  6916866.0
Time:  25
Retx_percent:  0.000609323314246895
Loss_retx_percent:  1.2936800727110298e-05
Send_rate:  3091954.56
Recv_rate:  276674.64
