cpu_utils:  {4: 96.04133333333336, 8: 96.38133333333332, 12: 96.14866666666667, 16: 95.96266666666666, 20: 95.77}
num_samples:  {4: 15, 8: 15, 12: 15, 16: 15, 20: 15}
avg_cpu_util:  96.0608
