Node0_rd_bw:  13284.175227
Node0_wr_bw:  12806.376364
Node0_total_bw:  26090.551818
Node1_rd_bw:  9.171136
Node1_wr_bw:  13.138636
Node1_total_bw:  22.309545
Node2_rd_bw:  13.712500
Node2_wr_bw:  10.244545
Node2_total_bw:  23.957727
Node3_rd_bw:  8.406136
Node3_wr_bw:  10.475000
Node3_total_bw:  18.880000
