cpu_utils:  {4: 97.39133333333332, 8: 97.38066666666667, 12: 97.19933333333333, 16: 97.43866666666666, 20: 97.49133333333333}
num_samples:  {4: 15, 8: 15, 12: 15, 16: 15, 20: 15}
avg_cpu_util:  97.38026666666666
