Node0_rd_bw:  13043.379318
Node0_wr_bw:  12405.382045
Node0_total_bw:  25448.760455
Node1_rd_bw:  46.809318
Node1_wr_bw:  22.900682
Node1_total_bw:  69.708636
Node2_rd_bw:  35.931364
Node2_wr_bw:  9.693409
Node2_total_bw:  45.624545
Node3_rd_bw:  21.379773
Node3_wr_bw:  12.023182
Node3_total_bw:  33.402500
