Retx:  2954.0
Loss_retx:  2.0
Sent:  46100181.0
Recv:  2578380.0
Time:  15
Retx_percent:  0.0064077839520846995
Loss_retx_percent:  4.338377760382329e-06
Send_rate:  3073345.4
Recv_rate:  171892.0
