Node0_rd_bw:  12136.312955
Node0_wr_bw:  9414.671591
Node0_total_bw:  21550.984773
Node1_rd_bw:  20.348636
Node1_wr_bw:  15.906591
Node1_total_bw:  36.256136
Node2_rd_bw:  17.674091
Node2_wr_bw:  13.139545
Node2_total_bw:  30.814091
Node3_rd_bw:  13.153636
Node3_wr_bw:  13.630000
Node3_total_bw:  26.784091
