Retx:  1.0
Loss_retx:  0.0
Sent:  65254228.0
Recv:  580802.0
Time:  15
Retx_percent:  1.5324677505954098e-06
Loss_retx_percent:  0.0
Send_rate:  4350281.866666666
Recv_rate:  38720.13333333333
