cpu_utils:  {4: 98.81239999999998, 8: 98.5448, 12: 98.414, 16: 98.38240000000002, 20: 98.49760000000002}
num_samples:  {4: 25, 8: 25, 12: 25, 16: 25, 20: 25}
avg_cpu_util:  98.53024
