Node0_rd_bw:  12749.362963
Node0_wr_bw:  12739.592037
Node0_total_bw:  25488.954815
Node1_rd_bw:  7.182407
Node1_wr_bw:  6.951296
Node1_total_bw:  14.133333
Node2_rd_bw:  9.145741
Node2_wr_bw:  14.486852
Node2_total_bw:  23.633889
Node3_rd_bw:  22.047407
Node3_wr_bw:  5.452593
Node3_total_bw:  27.499815
