Node0_rd_bw:  8162.719318
Node0_wr_bw:  7827.444545
Node0_total_bw:  15990.163864
Node1_rd_bw:  26.360000
Node1_wr_bw:  19.387727
Node1_total_bw:  45.747727
Node2_rd_bw:  11.253182
Node2_wr_bw:  8.500227
Node2_total_bw:  19.753182
Node3_rd_bw:  21.109545
Node3_wr_bw:  11.840227
Node3_total_bw:  32.949091
