cpu_utils:  {4: 94.00399999999999, 8: 97.38533333333334, 12: 96.718, 16: 96.74333333333333, 20: 92.94666666666667}
num_samples:  {4: 15, 8: 15, 12: 15, 16: 15, 20: 15}
avg_cpu_util:  95.55946666666667
