Node0_rd_bw:  13193.275455
Node0_wr_bw:  12798.951136
Node0_total_bw:  25992.226591
Node1_rd_bw:  9.947045
Node1_wr_bw:  13.632955
Node1_total_bw:  23.580455
Node2_rd_bw:  13.105909
Node2_wr_bw:  11.395227
Node2_total_bw:  24.499318
Node3_rd_bw:  7.532727
Node3_wr_bw:  10.167500
Node3_total_bw:  17.700455
