Retx:  0.0
Loss_retx:  0.0
Sent:  46377283.0
Recv:  3260216.0
Time:  15
Retx_percent:  0.0
Loss_retx_percent:  0.0
Send_rate:  3091818.8666666667
Recv_rate:  217347.73333333334
