cpu_utils:  {4: 99.93333333333334, 8: 99.93333333333334, 12: 99.934, 16: 99.934, 20: 99.93333333333334}
num_samples:  {4: 15, 8: 15, 12: 15, 16: 15, 20: 15}
avg_cpu_util:  99.93359999999998
