Node0_rd_bw:  7561.550455
Node0_wr_bw:  7521.296364
Node0_total_bw:  15082.846591
Node1_rd_bw:  6.128182
Node1_wr_bw:  8.016818
Node1_total_bw:  14.146591
Node2_rd_bw:  5.802045
Node2_wr_bw:  7.354318
Node2_total_bw:  13.156591
Node3_rd_bw:  5.543864
Node3_wr_bw:  7.823636
Node3_total_bw:  13.366591
