Retx:  30048.0
Loss_retx:  0.0
Sent:  175010976.0
Recv:  2766613.0
Time:  15
Retx_percent:  0.01716920886150592
Loss_retx_percent:  0.0
Send_rate:  11667398.4
Recv_rate:  184440.86666666667
