cpu_utils:  {4: 77.39599999999999, 8: 83.69666666666667, 12: 73.86733333333333, 16: 72.07933333333334, 20: 80.56066666666666}
num_samples:  {4: 15, 8: 15, 12: 15, 16: 15, 20: 15}
avg_cpu_util:  77.52000000000001
