Node0_rd_bw:  10741.851591
Node0_wr_bw:  9994.121364
Node0_total_bw:  20735.972500
Node1_rd_bw:  40.245909
Node1_wr_bw:  26.941818
Node1_total_bw:  67.187727
Node2_rd_bw:  29.713636
Node2_wr_bw:  12.218182
Node2_total_bw:  41.930682
Node3_rd_bw:  27.794545
Node3_wr_bw:  17.486364
Node3_total_bw:  45.281364
