cpu_utils:  {4: 99.20120000000001, 8: 93.2932, 12: 99.3196, 16: 94.17479999999998, 20: 99.0784}
num_samples:  {4: 25, 8: 25, 12: 25, 16: 25, 20: 25}
avg_cpu_util:  97.01343999999999
