Node0_rd_bw:  6135.241111
Node0_wr_bw:  6118.001296
Node0_total_bw:  12253.242407
Node1_rd_bw:  6.162778
Node1_wr_bw:  6.066111
Node1_total_bw:  12.227778
Node2_rd_bw:  8.595741
Node2_wr_bw:  11.387963
Node2_total_bw:  19.984630
Node3_rd_bw:  24.872037
Node3_wr_bw:  5.528519
Node3_total_bw:  30.399630
