Retx:  83032.0
Loss_retx:  12.0
Sent:  236957761.0
Recv:  4853326.0
Time:  25
Retx_percent:  0.035040844262535044
Loss_retx_percent:  5.064193698217801e-06
Send_rate:  9478310.44
Recv_rate:  194133.04
