Node0_rd_bw:  14951.947955
Node0_wr_bw:  11687.708864
Node0_total_bw:  26639.657500
Node1_rd_bw:  9.151136
Node1_wr_bw:  9.166818
Node1_total_bw:  18.317500
Node2_rd_bw:  20.292045
Node2_wr_bw:  24.426364
Node2_total_bw:  44.718409
Node3_rd_bw:  7.501364
Node3_wr_bw:  10.492500
Node3_total_bw:  17.994091
