Retx:  0.0
Loss_retx:  0.0
Sent:  81243410.0
Recv:  782089.0
Time:  15
Retx_percent:  0.0
Loss_retx_percent:  0.0
Send_rate:  5416227.333333333
Recv_rate:  52139.26666666667
