cpu_utils:  {4: 66.84533333333334, 8: 67.44600000000001, 12: 67.60066666666665, 16: 0.13333333333333333, 20: 68.01266666666666}
num_samples:  {4: 15, 8: 15, 12: 15, 16: 15, 20: 15}
avg_cpu_util:  54.007600000000004
