Node0_rd_bw:  7129.439091
Node0_wr_bw:  6668.594091
Node0_total_bw:  13798.034091
Node1_rd_bw:  9.874091
Node1_wr_bw:  9.143182
Node1_total_bw:  19.016818
Node2_rd_bw:  10.948409
Node2_wr_bw:  11.403182
Node2_total_bw:  22.350682
Node3_rd_bw:  10.857273
Node3_wr_bw:  10.829773
Node3_total_bw:  21.685455
