Retx:  0.0
Loss_retx:  0.0
Sent:  23843135.0
Recv:  391490.0
Time:  15
Retx_percent:  0.0
Loss_retx_percent:  0.0
Send_rate:  1589542.3333333333
Recv_rate:  26099.333333333332
