cpu_utils:  {4: 97.91133333333337, 8: 97.64133333333334, 12: 97.50333333333336, 16: 96.21266666666666, 20: 97.97200000000001}
num_samples:  {4: 15, 8: 15, 12: 15, 16: 15, 20: 15}
avg_cpu_util:  97.44813333333335
