Node0_rd_bw:  13187.329318
Node0_wr_bw:  12788.916591
Node0_total_bw:  25976.245682
Node1_rd_bw:  11.723182
Node1_wr_bw:  16.522500
Node1_total_bw:  28.245227
Node2_rd_bw:  11.652045
Node2_wr_bw:  14.227045
Node2_total_bw:  25.879318
Node3_rd_bw:  7.644773
Node3_wr_bw:  10.302273
Node3_total_bw:  17.947045
