Retx:  0.0
Loss_retx:  0.0
Sent:  46375660.0
Recv:  3203452.0
Time:  15
Retx_percent:  0.0
Loss_retx_percent:  0.0
Send_rate:  3091710.6666666665
Recv_rate:  213563.46666666667
