cpu_utils:  {4: 93.87266666666667, 8: 93.508, 12: 93.82733333333334, 16: 93.84666666666664, 20: 93.80866666666667, 24: 93.42999999999999, 28: 93.73533333333334, 32: 0.0}
num_samples:  {4: 15, 8: 15, 12: 15, 16: 15, 20: 15, 24: 15, 28: 15, 32: 15}
avg_cpu_util:  82.00358333333332
