Node0_rd_bw:  13489.790227
Node0_wr_bw:  12875.888864
Node0_total_bw:  26365.680227
Node1_rd_bw:  12.848636
Node1_wr_bw:  16.547955
Node1_total_bw:  29.396364
Node2_rd_bw:  16.212045
Node2_wr_bw:  12.783409
Node2_total_bw:  28.994773
Node3_rd_bw:  11.500455
Node3_wr_bw:  13.039773
Node3_total_bw:  24.540227
