cpu_utils:  {4: 86.2708, 8: 86.46600000000002, 12: 79.84120000000001, 16: 86.40080000000002, 20: 86.31559999999999}
num_samples:  {4: 25, 8: 25, 12: 25, 16: 25, 20: 25}
avg_cpu_util:  85.05888
