Node0_rd_bw:  18208.124444
Node0_wr_bw:  18173.525185
Node0_total_bw:  36381.647037
Node1_rd_bw:  16.450370
Node1_wr_bw:  8.064074
Node1_total_bw:  24.515370
Node2_rd_bw:  19.463148
Node2_wr_bw:  9.485556
Node2_total_bw:  28.948704
Node3_rd_bw:  26.062778
Node3_wr_bw:  7.968333
Node3_total_bw:  34.031111
