Retx:  180374.0
Loss_retx:  425.0
Sent:  39072143.0
Recv:  1803328.0
Time:  25
Retx_percent:  0.4616434783216267
Loss_retx_percent:  0.0010877314817362334
Send_rate:  1562885.72
Recv_rate:  72133.12
