Node0_rd_bw:  10481.455370
Node0_wr_bw:  10418.889630
Node0_total_bw:  20900.345000
Node1_rd_bw:  6.667778
Node1_wr_bw:  7.683519
Node1_total_bw:  14.350741
Node2_rd_bw:  6.229074
Node2_wr_bw:  7.522963
Node2_total_bw:  13.751852
Node3_rd_bw:  17.675370
Node3_wr_bw:  5.221111
Node3_total_bw:  22.897037
