cpu_utils:  {4: 67.34933333333333, 8: 77.13933333333334, 12: 79.23933333333333, 16: 79.34333333333333, 20: 64.10733333333333}
num_samples:  {4: 15, 8: 15, 12: 15, 16: 15, 20: 15}
avg_cpu_util:  73.43573333333333
