Node0_rd_bw:  10696.338636
Node0_wr_bw:  9982.000909
Node0_total_bw:  20678.339318
Node1_rd_bw:  12.091591
Node1_wr_bw:  9.983182
Node1_total_bw:  22.073636
Node2_rd_bw:  14.045909
Node2_wr_bw:  13.717045
Node2_total_bw:  27.762727
Node3_rd_bw:  8.795909
Node3_wr_bw:  10.312955
Node3_total_bw:  19.109091
