cpu_utils:  {4: 95.31599999999999, 8: 96.328, 12: 99.26466666666667, 16: 94.93066666666668, 20: 95.20400000000001}
num_samples:  {4: 15, 8: 15, 12: 15, 16: 15, 20: 15}
avg_cpu_util:  96.20866666666669
