Node0_rd_bw:  6599.057955
Node0_wr_bw:  6548.251591
Node0_total_bw:  13147.309318
Node1_rd_bw:  11.764318
Node1_wr_bw:  10.604545
Node1_total_bw:  22.369773
Node2_rd_bw:  8.519318
Node2_wr_bw:  7.735455
Node2_total_bw:  16.255455
Node3_rd_bw:  6.904318
Node3_wr_bw:  7.247500
Node3_total_bw:  14.150909
