Retx:  44609.0
Loss_retx:  0.0
Sent:  152356229.0
Recv:  2927935.0
Time:  15
Retx_percent:  0.029279406751397084
Loss_retx_percent:  0.0
Send_rate:  10157081.933333334
Recv_rate:  195195.66666666666
