cpu_utils:  {4: 96.896, 8: 96.72133333333336, 12: 94.15599999999999, 16: 97.01866666666665, 20: 93.57866666666665}
num_samples:  {4: 15, 8: 15, 12: 15, 16: 15, 20: 15}
avg_cpu_util:  95.67413333333334
