Node0_rd_bw:  13194.062727
Node0_wr_bw:  12795.950227
Node0_total_bw:  25990.013636
Node1_rd_bw:  10.554773
Node1_wr_bw:  14.924545
Node1_total_bw:  25.478636
Node2_rd_bw:  16.637500
Node2_wr_bw:  11.199318
Node2_total_bw:  27.837955
Node3_rd_bw:  7.529091
Node3_wr_bw:  9.820227
Node3_total_bw:  17.348636
