cpu_utils:  {4: 1.3775999999999982, 8: 0.7735999999999978, 12: 0.41559999999999886, 16: 59.832000000000015, 20: 0.0}
num_samples:  {4: 25, 8: 25, 12: 25, 16: 25, 20: 25}
avg_cpu_util:  12.479760000000002
