Node0_rd_bw:  3309.050741
Node0_wr_bw:  3274.949815
Node0_total_bw:  6584.000926
Node1_rd_bw:  5.732778
Node1_wr_bw:  5.861111
Node1_total_bw:  11.593333
Node2_rd_bw:  6.449815
Node2_wr_bw:  8.115741
Node2_total_bw:  14.566111
Node3_rd_bw:  7.371852
Node3_wr_bw:  4.885370
Node3_total_bw:  12.257778
