cpu_utils:  {4: 94.012, 8: 93.77466666666669, 12: 93.89799999999998, 16: 93.94066666666666, 20: 93.63066666666667, 24: 93.80133333333333, 28: 93.43333333333335}
num_samples:  {4: 15, 8: 15, 12: 15, 16: 15, 20: 15, 24: 15, 28: 15}
avg_cpu_util:  93.78438095238096
