Node0_rd_bw:  13494.597955
Node0_wr_bw:  12879.974773
Node0_total_bw:  26374.571364
Node1_rd_bw:  12.144318
Node1_wr_bw:  8.824318
Node1_total_bw:  20.969318
Node2_rd_bw:  14.969318
Node2_wr_bw:  15.847500
Node2_total_bw:  30.816818
Node3_rd_bw:  14.862273
Node3_wr_bw:  19.239545
Node3_total_bw:  34.102273
