cpu_utils:  {4: 98.12866666666667, 8: 96.05600000000001, 12: 96.316, 16: 96.55, 20: 98.46400000000001}
num_samples:  {4: 15, 8: 15, 12: 15, 16: 15, 20: 15}
avg_cpu_util:  97.10293333333334
