Node0_rd_bw:  13213.423636
Node0_wr_bw:  12802.632727
Node0_total_bw:  26016.056364
Node1_rd_bw:  8.546136
Node1_wr_bw:  7.543864
Node1_total_bw:  16.091136
Node2_rd_bw:  12.981364
Node2_wr_bw:  12.102727
Node2_total_bw:  25.085682
Node3_rd_bw:  9.744545
Node3_wr_bw:  14.382727
Node3_total_bw:  24.126591
