Retx:  0.0
Loss_retx:  0.0
Sent:  46408202.0
Recv:  2804005.0
Time:  15
Retx_percent:  0.0
Loss_retx_percent:  0.0
Send_rate:  3093880.1333333333
Recv_rate:  186933.66666666666
