Node0_rd_bw:  10694.654318
Node0_wr_bw:  10060.601591
Node0_total_bw:  20755.256818
Node1_rd_bw:  40.928636
Node1_wr_bw:  28.468864
Node1_total_bw:  69.397500
Node2_rd_bw:  16.527273
Node2_wr_bw:  12.550455
Node2_total_bw:  29.077727
Node3_rd_bw:  21.945227
Node3_wr_bw:  12.980227
Node3_total_bw:  34.926136
