Retx:  0.0
Loss_retx:  0.0
Sent:  36069973.0
Recv:  668177.0
Time:  15
Retx_percent:  0.0
Loss_retx_percent:  0.0
Send_rate:  2404664.8666666667
Recv_rate:  44545.13333333333
