cpu_utils:  {4: 94.65133333333331, 8: 94.15066666666665, 12: 94.44866666666667, 16: 94.70599999999999, 20: 94.26600000000002, 24: 94.25533333333334}
num_samples:  {4: 15, 8: 15, 12: 15, 16: 15, 20: 15, 24: 15}
avg_cpu_util:  94.413
