Node0_rd_bw:  13396.285227
Node0_wr_bw:  12829.061591
Node0_total_bw:  26225.346591
Node1_rd_bw:  10.963864
Node1_wr_bw:  11.967045
Node1_total_bw:  22.931136
Node2_rd_bw:  14.602500
Node2_wr_bw:  19.414773
Node2_total_bw:  34.016364
Node3_rd_bw:  13.228864
Node3_wr_bw:  13.389091
Node3_total_bw:  26.617045
