Retx:  0.0
Loss_retx:  0.0
Sent:  46350971.0
Recv:  4779737.0
Time:  15
Retx_percent:  0.0
Loss_retx_percent:  0.0
Send_rate:  3090064.7333333334
Recv_rate:  318649.13333333336
