Node0_rd_bw:  17811.655000
Node0_wr_bw:  17687.521852
Node0_total_bw:  35499.177407
Node1_rd_bw:  15.907778
Node1_wr_bw:  6.310370
Node1_total_bw:  22.218704
Node2_rd_bw:  20.144630
Node2_wr_bw:  11.125926
Node2_total_bw:  31.271296
Node3_rd_bw:  16.695926
Node3_wr_bw:  6.903889
Node3_total_bw:  23.599074
