cpu_utils:  {4: 48.24133333333332, 8: 57.273999999999994, 12: 48.62866666666666, 16: 0.0, 20: 58.60866666666666}
num_samples:  {4: 15, 8: 15, 12: 15, 16: 15, 20: 15}
avg_cpu_util:  42.55053333333333
