Node0_rd_bw:  3488.925000
Node0_wr_bw:  3304.928182
Node0_total_bw:  6793.853864
Node1_rd_bw:  20.982727
Node1_wr_bw:  7.881591
Node1_total_bw:  28.864545
Node2_rd_bw:  13.155227
Node2_wr_bw:  6.987955
Node2_total_bw:  20.143409
Node3_rd_bw:  6.378636
Node3_wr_bw:  5.850682
Node3_total_bw:  12.228409
