Node0_rd_bw:  12405.823333
Node0_wr_bw:  11903.992963
Node0_total_bw:  24309.816481
Node1_rd_bw:  13.926111
Node1_wr_bw:  13.309259
Node1_total_bw:  27.234074
Node2_rd_bw:  22.338148
Node2_wr_bw:  23.517222
Node2_total_bw:  45.855000
Node3_rd_bw:  33.247222
Node3_wr_bw:  15.300741
Node3_total_bw:  48.547778
