cpu_utils:  {4: 80.71000000000001, 8: 81.10999999999999, 12: 80.67666666666668, 16: 80.19533333333334, 20: 80.10600000000001}
num_samples:  {4: 15, 8: 15, 12: 15, 16: 15, 20: 15}
avg_cpu_util:  80.5596
