Node0_rd_bw:  11896.207045
Node0_wr_bw:  11253.585000
Node0_total_bw:  23149.791818
Node1_rd_bw:  52.787273
Node1_wr_bw:  22.024545
Node1_total_bw:  74.812045
Node2_rd_bw:  26.339091
Node2_wr_bw:  13.998636
Node2_total_bw:  40.336364
Node3_rd_bw:  21.172500
Node3_wr_bw:  13.685227
Node3_total_bw:  34.857727
