Retx:  47692.0
Loss_retx:  301.0
Sent:  39759219.0
Recv:  1622228.0
Time:  15
Retx_percent:  0.11995205439020318
Loss_retx_percent:  0.0007570571242860681
Send_rate:  2650614.6
Recv_rate:  108148.53333333334
