cpu_utils:  {4: 98.04679999999999, 8: 98.1604, 12: 97.72200000000001, 16: 98.0364, 20: 98.1956}
num_samples:  {4: 25, 8: 25, 12: 25, 16: 25, 20: 25}
avg_cpu_util:  98.03224000000002
