Node0_rd_bw:  9030.362593
Node0_wr_bw:  9026.271852
Node0_total_bw:  18056.634074
Node1_rd_bw:  5.940000
Node1_wr_bw:  6.435741
Node1_total_bw:  12.376481
Node2_rd_bw:  7.957778
Node2_wr_bw:  12.533148
Node2_total_bw:  20.491296
Node3_rd_bw:  18.681296
Node3_wr_bw:  5.712778
Node3_total_bw:  24.393704
