cpu_utils:  {4: 96.6592, 8: 96.3392, 12: 96.05, 16: 96.24879999999999, 20: 96.63960000000002, 24: 96.6496}
num_samples:  {4: 25, 8: 25, 12: 25, 16: 25, 20: 25, 24: 25}
avg_cpu_util:  96.43106666666667
