Node0_rd_bw:  12784.184074
Node0_wr_bw:  12747.497778
Node0_total_bw:  25531.681296
Node1_rd_bw:  7.656111
Node1_wr_bw:  7.432778
Node1_total_bw:  15.089444
Node2_rd_bw:  9.363889
Node2_wr_bw:  12.062037
Node2_total_bw:  21.426296
Node3_rd_bw:  29.638704
Node3_wr_bw:  7.073519
Node3_total_bw:  36.711852
