Retx:  325.0
Loss_retx:  3.0
Sent:  77220240.0
Recv:  5917356.0
Time:  25
Retx_percent:  0.00042087411279737025
Loss_retx_percent:  3.884991810437264e-06
Send_rate:  3088809.6
Recv_rate:  236694.24
