cpu_utils:  {4: 97.62800000000001, 8: 97.55733333333335, 12: 96.8, 16: 97.68933333333334, 20: 97.68800000000003}
num_samples:  {4: 15, 8: 15, 12: 15, 16: 15, 20: 15}
avg_cpu_util:  97.47253333333335
