Node0_rd_bw:  13182.349091
Node0_wr_bw:  12794.436818
Node0_total_bw:  25976.786818
Node1_rd_bw:  10.608409
Node1_wr_bw:  17.032955
Node1_total_bw:  27.640909
Node2_rd_bw:  16.107727
Node2_wr_bw:  11.957045
Node2_total_bw:  28.065227
Node3_rd_bw:  7.170682
Node3_wr_bw:  9.456136
Node3_total_bw:  16.626136
