Retx:  0.0
Loss_retx:  0.0
Sent:  46374986.0
Recv:  3274732.0
Time:  15
Retx_percent:  0.0
Loss_retx_percent:  0.0
Send_rate:  3091665.7333333334
Recv_rate:  218315.46666666667
