Node0_rd_bw:  11861.484545
Node0_wr_bw:  11201.466136
Node0_total_bw:  23062.949091
Node1_rd_bw:  8.665227
Node1_wr_bw:  8.372045
Node1_total_bw:  17.038636
Node2_rd_bw:  13.372045
Node2_wr_bw:  16.943409
Node2_total_bw:  30.316364
Node3_rd_bw:  7.744773
Node3_wr_bw:  10.542045
Node3_total_bw:  18.288182
