Retx:  0.0
Loss_retx:  0.0
Sent:  40470232.0
Recv:  763568.0
Time:  15
Retx_percent:  0.0
Loss_retx_percent:  0.0
Send_rate:  2698015.466666667
Recv_rate:  50904.53333333333
