cpu_utils:  {4: 75.12533333333333, 8: 74.12933333333334, 12: 74.55799999999999, 16: 75.90266666666666, 20: 74.24666666666667, 24: 75.472}
num_samples:  {4: 15, 8: 15, 12: 15, 16: 15, 20: 15, 24: 15}
avg_cpu_util:  74.90566666666666
