Node0_rd_bw:  11541.953864
Node0_wr_bw:  11086.185682
Node0_total_bw:  22628.140455
Node1_rd_bw:  66.661818
Node1_wr_bw:  13.209091
Node1_total_bw:  79.870682
Node2_rd_bw:  27.988409
Node2_wr_bw:  9.084773
Node2_total_bw:  37.073182
Node3_rd_bw:  17.034545
Node3_wr_bw:  9.571364
Node3_total_bw:  26.605227
