Retx:  69018.0
Loss_retx:  541.0
Sent:  40295801.0
Recv:  2144919.0
Time:  15
Retx_percent:  0.17127839200913264
Loss_retx_percent:  0.0013425716490906832
Send_rate:  2686386.7333333334
Recv_rate:  142994.6
