Node0_rd_bw:  12475.580370
Node0_wr_bw:  11653.977037
Node0_total_bw:  24129.558148
Node1_rd_bw:  10.835000
Node1_wr_bw:  8.935556
Node1_total_bw:  19.770926
Node2_rd_bw:  10.193148
Node2_wr_bw:  16.272407
Node2_total_bw:  26.465370
Node3_rd_bw:  20.756481
Node3_wr_bw:  6.522222
Node3_total_bw:  27.278704
