cpu_utils:  {4: 98.06000000000002, 8: 97.914, 12: 97.01666666666668, 16: 97.19600000000004, 20: 97.91666666666669}
num_samples:  {4: 15, 8: 15, 12: 15, 16: 15, 20: 15}
avg_cpu_util:  97.62066666666668
