Node0_rd_bw:  13199.285682
Node0_wr_bw:  12797.671591
Node0_total_bw:  25996.958182
Node1_rd_bw:  9.783182
Node1_wr_bw:  14.786364
Node1_total_bw:  24.570455
Node2_rd_bw:  12.862045
Node2_wr_bw:  11.717500
Node2_total_bw:  24.578182
Node3_rd_bw:  7.640682
Node3_wr_bw:  9.902273
Node3_total_bw:  17.542500
