Retx:  0.0
Loss_retx:  0.0
Sent:  46385785.0
Recv:  3318938.0
Time:  15
Retx_percent:  0.0
Loss_retx_percent:  0.0
Send_rate:  3092385.6666666665
Recv_rate:  221262.53333333333
