cpu_utils:  {4: 72.69533333333334, 8: 73.966, 12: 73.11000000000003, 16: 74.56000000000002, 20: 73.00200000000001}
num_samples:  {4: 15, 8: 15, 12: 15, 16: 15, 20: 15}
avg_cpu_util:  73.46666666666667
