Node0_rd_bw:  11622.556136
Node0_wr_bw:  11054.587500
Node0_total_bw:  22677.142500
Node1_rd_bw:  60.338182
Node1_wr_bw:  13.943636
Node1_total_bw:  74.283182
Node2_rd_bw:  29.224545
Node2_wr_bw:  11.462500
Node2_total_bw:  40.686591
Node3_rd_bw:  16.053864
Node3_wr_bw:  11.017045
Node3_total_bw:  27.070000
