Retx:  67658.0
Loss_retx:  598.0
Sent:  17951991.0
Recv:  1854193.0
Time:  15
Retx_percent:  0.3768829875193231
Loss_retx_percent:  0.0033311068393472344
Send_rate:  1196799.4
Recv_rate:  123612.86666666667
