cpu_utils:  {4: 95.83400000000002, 8: 97.23600000000002, 12: 97.546, 16: 97.47733333333333, 20: 97.568}
num_samples:  {4: 15, 8: 15, 12: 15, 16: 15, 20: 15}
avg_cpu_util:  97.13226666666667
