Node0_rd_bw:  13215.658636
Node0_wr_bw:  12801.768864
Node0_total_bw:  26017.427045
Node1_rd_bw:  9.740455
Node1_wr_bw:  14.788409
Node1_total_bw:  24.529545
Node2_rd_bw:  12.537727
Node2_wr_bw:  10.882955
Node2_total_bw:  23.420909
Node3_rd_bw:  7.471136
Node3_wr_bw:  9.226136
Node3_total_bw:  16.697727
