Node0_rd_bw:  5546.115000
Node0_wr_bw:  5542.721481
Node0_total_bw:  11088.836296
Node1_rd_bw:  4.414630
Node1_wr_bw:  4.802407
Node1_total_bw:  9.216667
Node2_rd_bw:  4.537963
Node2_wr_bw:  5.752037
Node2_total_bw:  10.290556
Node3_rd_bw:  8.239259
Node3_wr_bw:  4.579815
Node3_total_bw:  12.819630
