cpu_utils:  {4: 18.3692, 8: 22.835599999999996, 12: 18.310799999999993, 16: 31.781199999999995, 20: 68.87840000000003}
num_samples:  {4: 25, 8: 25, 12: 25, 16: 25, 20: 25}
avg_cpu_util:  32.03504
