Node0_rd_bw:  6695.088889
Node0_wr_bw:  6574.181481
Node0_total_bw:  13269.270556
Node1_rd_bw:  7.577037
Node1_wr_bw:  7.697963
Node1_total_bw:  15.274074
Node2_rd_bw:  8.288333
Node2_wr_bw:  9.951667
Node2_total_bw:  18.241111
Node3_rd_bw:  11.903333
Node3_wr_bw:  5.732222
Node3_total_bw:  17.636481
