cpu_utils:  {4: 73.36, 8: 73.46066666666668, 12: 72.14066666666668, 16: 73.006, 20: 73.236}
num_samples:  {4: 15, 8: 15, 12: 15, 16: 15, 20: 15}
avg_cpu_util:  73.04066666666668
