Node0_rd_bw:  11232.987273
Node0_wr_bw:  10800.472500
Node0_total_bw:  22033.461591
Node1_rd_bw:  65.608182
Node1_wr_bw:  11.623864
Node1_total_bw:  77.231818
Node2_rd_bw:  30.090909
Node2_wr_bw:  15.957727
Node2_total_bw:  46.050000
Node3_rd_bw:  15.140682
Node3_wr_bw:  9.747500
Node3_total_bw:  24.887955
