Retx:  72864.0
Loss_retx:  865.0
Sent:  19705392.0
Recv:  1909521.0
Time:  15
Retx_percent:  0.36976681306314535
Loss_retx_percent:  0.004389661469307487
Send_rate:  1313692.8
Recv_rate:  127301.4
