cpu_utils:  {4: 78.19760000000001, 8: 80.86840000000001, 12: 82.2264, 16: 74.2988, 20: 78.108}
num_samples:  {4: 25, 8: 25, 12: 25, 16: 25, 20: 25}
avg_cpu_util:  78.73984000000002
