Node0_rd_bw:  9933.505741
Node0_wr_bw:  9808.531667
Node0_total_bw:  19742.036481
Node1_rd_bw:  9.660000
Node1_wr_bw:  8.227963
Node1_total_bw:  17.888889
Node2_rd_bw:  8.712593
Node2_wr_bw:  13.555556
Node2_total_bw:  22.267778
Node3_rd_bw:  16.383148
Node3_wr_bw:  5.995926
Node3_total_bw:  22.379074
