Node0_rd_bw:  5579.488409
Node0_wr_bw:  5479.156818
Node0_total_bw:  11058.646364
Node1_rd_bw:  12.298864
Node1_wr_bw:  9.981818
Node1_total_bw:  22.281364
Node2_rd_bw:  6.519091
Node2_wr_bw:  6.543864
Node2_total_bw:  13.063182
Node3_rd_bw:  6.082273
Node3_wr_bw:  6.762273
Node3_total_bw:  12.845682
