Retx:  0.0
Loss_retx:  0.0
Sent:  20256962.0
Recv:  327446.0
Time:  15
Retx_percent:  0.0
Loss_retx_percent:  0.0
Send_rate:  1350464.1333333333
Recv_rate:  21829.733333333334
