cpu_utils:  {4: 93.89933333333335, 8: 93.84, 12: 93.49533333333332, 16: 93.69266666666665, 20: 93.56266666666666}
num_samples:  {4: 15, 8: 15, 12: 15, 16: 15, 20: 15}
avg_cpu_util:  93.698
