Node0_rd_bw:  13300.565227
Node0_wr_bw:  12709.475682
Node0_total_bw:  26010.040455
Node1_rd_bw:  11.754318
Node1_wr_bw:  14.575682
Node1_total_bw:  26.330227
Node2_rd_bw:  13.339318
Node2_wr_bw:  10.159545
Node2_total_bw:  23.499773
Node3_rd_bw:  7.108182
Node3_wr_bw:  9.977273
Node3_total_bw:  17.086364
