cpu_utils:  {4: 93.70519999999999, 8: 93.92119999999998, 12: 91.74760000000002, 16: 93.87800000000001, 20: 93.2724, 24: 92.3348, 28: 93.32240000000002, 32: 0.0}
num_samples:  {4: 25, 8: 25, 12: 25, 16: 25, 20: 25, 24: 25, 28: 25, 32: 25}
avg_cpu_util:  81.52270000000001
