Node0_rd_bw:  12850.513519
Node0_wr_bw:  12781.534259
Node0_total_bw:  25632.047407
Node1_rd_bw:  10.012407
Node1_wr_bw:  16.008333
Node1_total_bw:  26.020000
Node2_rd_bw:  9.491667
Node2_wr_bw:  10.311667
Node2_total_bw:  19.802963
Node3_rd_bw:  35.002407
Node3_wr_bw:  6.642778
Node3_total_bw:  41.645185
