Retx:  1072.0
Loss_retx:  8.0
Sent:  77294886.0
Recv:  6841696.0
Time:  25
Retx_percent:  0.001386896411232174
Loss_retx_percent:  1.034997321815055e-05
Send_rate:  3091795.44
Recv_rate:  273667.84
