cpu_utils:  {4: 82.29533333333332, 8: 82.27266666666667, 12: 82.99266666666664, 16: 81.61733333333333, 20: 83.50466666666668}
num_samples:  {4: 15, 8: 15, 12: 15, 16: 15, 20: 15}
avg_cpu_util:  82.53653333333334
