Node0_rd_bw:  11663.011136
Node0_wr_bw:  11114.942727
Node0_total_bw:  22777.953409
Node1_rd_bw:  50.311364
Node1_wr_bw:  15.474318
Node1_total_bw:  65.786591
Node2_rd_bw:  25.561818
Node2_wr_bw:  11.673182
Node2_total_bw:  37.236136
Node3_rd_bw:  17.782045
Node3_wr_bw:  10.455000
Node3_total_bw:  28.236364
