Retx:  42734.0
Loss_retx:  289.0
Sent:  40047468.0
Recv:  1589014.0
Time:  15
Retx_percent:  0.10670836917829611
Loss_retx_percent:  0.0007216436255096078
Send_rate:  2669831.2
Recv_rate:  105934.26666666666
