cpu_utils:  {4: 96.80466666666665, 8: 97.372, 12: 95.98200000000001, 16: 97.61733333333335, 20: 97.90466666666667}
num_samples:  {4: 15, 8: 15, 12: 15, 16: 15, 20: 15}
avg_cpu_util:  97.13613333333333
