Node0_rd_bw:  13197.781364
Node0_wr_bw:  12795.462727
Node0_total_bw:  25993.244545
Node1_rd_bw:  10.260682
Node1_wr_bw:  13.901591
Node1_total_bw:  24.162727
Node2_rd_bw:  14.200227
Node2_wr_bw:  13.631364
Node2_total_bw:  27.830000
Node3_rd_bw:  9.274545
Node3_wr_bw:  12.446591
Node3_total_bw:  21.721364
