cpu_utils:  {4: 89.7, 8: 90.25866666666667, 12: 89.84533333333334, 16: 89.24533333333332, 20: 89.47666666666667}
num_samples:  {4: 15, 8: 15, 12: 15, 16: 15, 20: 15}
avg_cpu_util:  89.70519999999999
