Node0_rd_bw:  12858.399318
Node0_wr_bw:  12313.400455
Node0_total_bw:  25171.799545
Node1_rd_bw:  43.937045
Node1_wr_bw:  15.513864
Node1_total_bw:  59.450227
Node2_rd_bw:  38.766364
Node2_wr_bw:  10.333409
Node2_total_bw:  49.098636
Node3_rd_bw:  19.096136
Node3_wr_bw:  12.045909
Node3_total_bw:  31.141591
