Retx:  11653.0
Loss_retx:  34.0
Sent:  44672066.0
Recv:  1874399.0
Time:  15
Retx_percent:  0.02608565272087483
Loss_retx_percent:  7.611020273832869e-05
Send_rate:  2978137.7333333334
Recv_rate:  124959.93333333333
